3 4.26167
4 4.18042
5 4.22691
6 4.22395
7 4.17619
8 4.22667
9 4.19946
10 4.2144
11 4.21329
12 4.19986
13 4.2169
14 4.19114
15 4.21512
16 4.2044
17 4.20952
18 4.21007
19 4.20253
20 4.21227
21 4.19591
22 4.21189
23 4.20131
24 4.20988
25 4.20583
26 4.2068
27 4.20848
28 4.19664
29 4.2097
30 4.19898
31 4.20968
32 4.201
33 4.20876
34 4.20415
35 4.2072
36 4.2063
37 4.20515
38 4.20757
39 4.20276
40 4.20815
41 4.20025
42 4.20817
43 4.19983
44 4.20771
45 4.20364
46 4.2068
47 4.20521
48 4.20559
49 4.20628
50 4.20416
51 4.20693
52 4.20254
53 4.2072
54 4.2009
55 4.20716
56 4.20076
57 4.20684
58 4.20358
59 4.20627
60 4.2047
61 4.19938
62 4.20553
63 4.20456
64 4.2061
65 4.20349
66 4.20642
67 4.20234
68 4.20652
69 4.20147
70 4.20643
71 4.20269
72 4.20619
73 4.2037
74 4.20579
75 4.2045
76 4.20525
77 4.20512
78 4.2046
79 4.20557
80 4.20385
81 4.20585
82 4.20304
83 4.20599
84 4.20219
85 4.20601
86 4.20189
87 4.2059
88 4.20317
89 4.20568
90 4.20387
91 4.2003
92 4.20444
93 4.20498
94 4.20488
95 4.20137
96 4.20523
97 4.20396
98 4.20546
99 4.20335
100 4.20559
101 4.20272
102 4.20564
103 4.20226
104 4.20559
105 4.20295
106 4.20548
107 4.20353
108 4.20528
109 4.20403
110 4.20503
111 4.20443
112 4.20147
113 4.20476
114 4.20436
115 4.20501
116 4.20394
117 4.20518
118 4.20348
119 4.20529
120 4.20299
121 4.20534
122 4.20247
123 4.19978
124 4.2029
125 4.20526
126 4.20338
127 4.20513
128 4.2038
129 4.20496
130 4.20415
131 4.20475
132 4.20444
133 4.20449
134 4.20467
135 4.2042
136 4.20486
137 4.20387
138 4.20499
139 4.20351
140 4.20507
141 4.20312
142 4.20511
143 4.20274
144 4.2051
145 4.20296
146 4.20506
147 4.20335
148 4.20497
149 4.20369
150 4.20485
151 4.20399
152 4.20469
153 4.20424
154 4.2045
155 4.20444
156 4.20429
157 4.20461
158 4.20404
159 4.20474
160 4.20378
161 4.20146
162 4.20349
163 4.20119
164 4.20318
165 4.20492
166 4.20287
167 4.20079
168 4.20306
169 4.20488
170 4.20338
171 4.20482
172 4.20274
173 4.20473
174 4.2039
175 4.20461
176 4.20411
177 4.20446
178 4.20429
179 4.2043
180 4.20444
181 4.20411
182 4.20209
183 4.2027
184 4.20465
185 4.20368
186 4.20472
187 4.20344
188 4.20476
189 4.20291
190 4.20122
191 4.20295
192 4.20476
193 4.20319
194 4.20473
195 4.20344
196 4.20468
197 4.20367
198 4.2046
199 4.20387
200 4.20451
201 4.20404
202 4.2044
203 4.20261
204 4.20426
205 4.20249
206 4.20412
207 4.20235
208 4.20395
209 4.20451
210 4.20377
211 4.20458
212 4.20358
213 4.20462
214 4.20338
215 4.20464
216 4.20317
217 4.20465
218 4.20309
219 4.20463
220 4.20331
221 4.2046
222 4.20352
223 4.20204
224 4.20296
225 4.20223
226 4.20386
227 4.20441
228 4.20401
229 4.20254
230 4.20414
231 4.20267
232 4.20424
233 4.20409
234 4.20433
235 4.20396
236 4.20441
237 4.20381
238 4.20447
239 4.20365
240 4.20451
241 4.20349
242 4.20453
243 4.20331
244 4.20179
245 4.20314
246 4.20173
247 4.20325
248 4.20452
249 4.20343
250 4.20449
251 4.2036
252 4.20445
253 4.20374
254 4.20439
255 4.20388
256 4.20432
257 4.204
258 4.20424
259 4.2041
260 4.20415
261 4.20419
262 4.20405
263 4.20427
264 4.20394
265 4.20433
266 4.20382
267 4.20438
268 4.20368
269 4.20441
270 4.20355
271 4.20219
272 4.2034
273 4.20445
274 4.20325
275 4.20445
276 4.20324
277 4.20444
278 4.2034
279 4.20442
280 4.20354
281 4.20439
282 4.20367
283 4.20435
284 4.20379
285 4.2043
286 4.2039
287 4.20424
288 4.20399
289 4.20417
290 4.20408
291 4.20409
292 4.20415
293 4.204
294 4.20421
295 4.2039
296 4.20427
297 4.2038
298 4.20431
299 4.20369
300 4.20434
301 4.20319
302 4.20436
303 4.20345
304 4.20437
305 4.20332
306 4.20438
307 4.20325
308 4.20437
309 4.20323
310 4.20435
311 4.20352
312 4.20433
313 4.20363
314 4.2043
315 4.20374
316 4.20426
317 4.20383
318 4.20421
319 4.20392
320 4.20416
321 4.204
322 4.20295
323 4.20407
324 4.20402
325 4.20413
326 4.20308
327 4.20418
328 4.20386
329 4.20422
330 4.20377
331 4.20425
332 4.20368
333 4.20258
334 4.20324
335 4.2043
336 4.20347
337 4.20431
338 4.20336
339 4.20431
340 4.20329
341 4.20232
342 4.20341
343 4.20244
344 4.20327
345 4.20427
346 4.20362
347 4.20425
348 4.20371
349 4.20422
350 4.2038
351 4.20284
352 4.20387
353 4.20413
354 4.20394
355 4.20408
356 4.204
357 4.20402
358 4.20406
359 4.20311
360 4.20411
361 4.20389
362 4.20415
363 4.20382
364 4.20282
365 4.20374
366 4.20274
367 4.20365
368 4.20423
369 4.20357
370 4.20424
371 4.20347
372 4.20425
373 4.20338
374 4.20425
375 4.20332
376 4.20425
377 4.20344
378 4.20256
379 4.20353
380 4.20265
381 4.20329
382 4.2042
383 4.2037
384 4.20417
385 4.20325
386 4.20414
387 4.20384
388 4.2041
389 4.2039
390 4.20406
391 4.20396
392 4.20401
393 4.20401
394 4.20396
395 4.20405
396 4.2039
397 4.20409
398 4.20384
399 4.20412
400 4.20377
401 4.20415
402 4.2037
403 4.20417
404 4.20362
405 4.20418
406 4.20333
407 4.2042
408 4.20347
409 4.2042
410 4.20335
411 4.2042
412 4.20339
413 4.2042
414 4.20335
415 4.20419
416 4.20356
417 4.20417
418 4.20363
419 4.20415
420 4.2037
421 4.20413
422 4.20377
423 4.20297
424 4.20383
425 4.20407
426 4.20388
427 4.20403
428 4.20393
429 4.20399
430 4.20397
431 4.20394
432 4.20401
433 4.20322
434 4.20405
435 4.20326
436 4.20408
437 4.20378
438 4.2041
439 4.20372
440 4.20412
441 4.20366
442 4.20414
443 4.20359
444 4.20415
445 4.20336
446 4.2027
447 4.20337
448 4.20263
449 4.20338
450 4.20262
451 4.20344
452 4.20415
453 4.20352
454 4.20414
455 4.20358
456 4.20412
457 4.20335
458 4.20292
459 4.20371
460 4.20408
461 4.20377
462 4.20303
463 4.20382
464 4.20403
465 4.20386
466 4.204
467 4.20391
468 4.20396
469 4.20395
470 4.20392
471 4.20398
472 4.20388
473 4.20401
474 4.20383
475 4.20404
476 4.20378
477 4.20406
478 4.20373
479 4.20408
480 4.20368
481 4.20409
482 4.20362
483 4.2041
484 4.20356
485 4.20411
486 4.20349
487 4.20412
488 4.2034
489 4.20412
490 4.20343
491 4.20411
492 4.2034
493 4.20411
494 4.20356
495 4.2041
496 4.20362
497 4.20408
498 4.20367
499 4.203
500 4.20372
501 4.20404
502 4.20377
503 4.20402
504 4.20382
505 4.20399
506 4.20386
507 4.20397
508 4.20389
509 4.20393
510 4.20393
511 4.2039
512 4.20396
513 4.20386
514 4.20398
515 4.20382
516 4.20401
517 4.20377
518 4.20403
519 4.20373
520 4.20404
521 4.20368
522 4.20406
523 4.20363
524 4.20407
525 4.20358
526 4.20408
527 4.20352
528 4.20408
529 4.20346
530 4.20408
531 4.20342
532 4.20408
533 4.20348
534 4.20407
535 4.20354
536 4.20407
537 4.2036
538 4.20405
539 4.20365
540 4.20404
541 4.2037
542 4.20307
543 4.20374
544 4.20401
545 4.20378
546 4.20398
547 4.20382
548 4.20396
549 4.20385
550 4.20393
551 4.20389
552 4.2039
553 4.20391
554 4.20387
555 4.20322
556 4.20384
557 4.20396
558 4.2038
559 4.20398
560 4.20376
561 4.204
562 4.20372
563 4.20402
564 4.20368
565 4.20403
566 4.20363
567 4.20404
568 4.20358
569 4.20404
570 4.20353
571 4.20405
572 4.20348
573 4.20405
574 4.20344
575 4.20405
576 4.20349
577 4.20404
578 4.20354
579 4.20404
580 4.20359
581 4.20403
582 4.20363
583 4.20402
584 4.20368
585 4.204
586 4.20372
587 4.20399
588 4.20376
589 4.20397
590 4.20379
591 4.20395
592 4.20382
593 4.20392
594 4.20385
595 4.2039
596 4.20388
597 4.20387
598 4.20391
599 4.20384
