3 4.20437
4 4.20236
5 4.20009
6 4.20574
7 4.20492
8 4.20529
9 4.20581
10 4.2051
11 4.20532
12 4.20525
13 4.20549
14 4.20541
15 4.20558
16 4.20553
17 4.2053
18 4.20538
19 4.20527
20 4.20527
21 4.2053
22 4.20514
23 4.20528
24 4.20525
25 4.20515
26 4.20517
27 4.20514
28 4.20508
29 4.2051
30 4.20504
31 4.20497
32 4.20506
33 4.20495
34 4.20498
35 4.20497
36 4.20494
37 4.20493
38 4.20487
39 4.20492
40 4.20484
41 4.20486
42 4.20483
43 4.2048
44 4.20477
45 4.20481
46 4.20476
47 4.20477
48 4.20475
49 4.20473
50 4.20474
51 4.20468
52 4.20473
53 4.20466
54 4.2047
55 4.20466
56 4.20466
57 4.20463
58 4.20464
59 4.20461
60 4.20461
61 4.20461
62 4.20459
63 4.20459
64 4.20458
65 4.20457
66 4.20454
67 4.20458
68 4.20451
69 4.20456
70 4.20451
71 4.20453
72 4.20451
73 4.2045
74 4.20449
75 4.20449
76 4.20448
77 4.20447
78 4.20448
79 4.20446
80 4.20446
81 4.20444
82 4.20446
83 4.20442
84 4.20445
85 4.20441
86 4.20444
87 4.2044
88 4.20443
89 4.20439
90 4.2044
91 4.20439
92 4.20438
93 4.20439
94 4.20437
95 4.20438
96 4.20436
97 4.20437
98 4.20435
99 4.20436
100 4.20434
101 4.20435
102 4.20432
103 4.20435
104 4.20432
105 4.20434
106 4.20431
107 4.20433
108 4.2043
109 4.20431
110 4.2043
111 4.2043
112 4.2043
113 4.20429
114 4.2043
115 4.20427
116 4.20429
117 4.20427
118 4.20429
119 4.20426
120 4.20428
121 4.20426
122 4.20427
123 4.20425
124 4.20426
125 4.20424
126 4.20426
127 4.20424
128 4.20425
129 4.20423
130 4.20424
131 4.20423
132 4.20423
133 4.20423
134 4.20422
135 4.20423
136 4.20421
137 4.20422
138 4.2042
139 4.20422
140 4.2042
141 4.20421
142 4.20419
143 4.2042
144 4.20419
145 4.2042
146 4.20418
147 4.20419
148 4.20418
149 4.20419
150 4.20418
151 4.20418
152 4.20417
153 4.20417
154 4.20417
155 4.20417
156 4.20417
157 4.20416
158 4.20417
159 4.20415
160 4.20416
161 4.20415
162 4.20416
163 4.20414
164 4.20416
165 4.20414
166 4.20415
167 4.20413
168 4.20414
169 4.20413
170 4.20414
171 4.20413
172 4.20413
173 4.20412
174 4.20413
175 4.20412
176 4.20412
177 4.20412
178 4.20412
179 4.20412
180 4.20411
181 4.20412
182 4.20411
183 4.20411
184 4.2041
185 4.20411
186 4.2041
187 4.20411
188 4.20409
189 4.20411
190 4.20409
191 4.2041
192 4.20409
193 4.2041
194 4.20408
195 4.20409
196 4.20408
197 4.20409
198 4.20408
199 4.20408
200 4.20408
201 4.20408
202 4.20408
203 4.20408
204 4.20407
205 4.20407
206 4.20407
207 4.20407
208 4.20407
209 4.20406
210 4.20407
211 4.20406
212 4.20407
213 4.20405
214 4.20407
215 4.20405
216 4.20406
217 4.20405
218 4.20406
219 4.20405
220 4.20406
221 4.20404
222 4.20405
223 4.20404
224 4.20405
225 4.20404
226 4.20405
227 4.20404
228 4.20404
229 4.20404
230 4.20404
231 4.20404
232 4.20403
233 4.20404
234 4.20403
235 4.20403
236 4.20403
237 4.20403
238 4.20402
239 4.20403
240 4.20402
241 4.20403
242 4.20402
243 4.20403
244 4.20401
245 4.20403
246 4.20401
247 4.20402
248 4.20401
249 4.20402
250 4.20401
251 4.20402
252 4.20401
253 4.20401
254 4.20401
255 4.20401
256 4.20401
257 4.20401
258 4.204
259 4.204
260 4.204
261 4.204
262 4.204
263 4.204
264 4.204
265 4.204
266 4.204
267 4.20399
268 4.204
269 4.20399
270 4.204
271 4.20399
272 4.204
273 4.20399
274 4.20399
275 4.20398
276 4.20399
277 4.20398
278 4.20399
279 4.20398
280 4.20399
281 4.20398
282 4.20398
283 4.20398
284 4.20398
285 4.20398
286 4.20398
287 4.20398
288 4.20398
289 4.20398
290 4.20397
291 4.20397
292 4.20397
293 4.20397
294 4.20397
295 4.20397
296 4.20397
297 4.20397
298 4.20396
299 4.20397
300 4.20396
301 4.20397
302 4.20396
303 4.20397
304 4.20396
305 4.20397
306 4.20396
307 4.20396
308 4.20396
309 4.20396
310 4.20395
311 4.20396
312 4.20395
313 4.20396
314 4.20395
315 4.20396
316 4.20395
317 4.20395
318 4.20395
319 4.20395
320 4.20395
321 4.20395
322 4.20395
323 4.20395
324 4.20395
325 4.20394
326 4.20395
327 4.20394
328 4.20395
329 4.20394
330 4.20395
331 4.20394
332 4.20394
333 4.20394
334 4.20394
335 4.20394
336 4.20394
337 4.20393
338 4.20394
339 4.20393
340 4.20394
341 4.20393
342 4.20394
343 4.20393
344 4.20394
345 4.20393
346 4.20393
347 4.20393
348 4.20393
349 4.20393
350 4.20393
351 4.20393
352 4.20393
353 4.20393
354 4.20393
355 4.20393
356 4.20392
357 4.20392
358 4.20392
359 4.20392
360 4.20392
361 4.20392
362 4.20392
363 4.20392
364 4.20392
365 4.20392
366 4.20392
367 4.20392
368 4.20391
369 4.20392
370 4.20391
371 4.20392
372 4.20391
373 4.20392
374 4.20391
375 4.20392
376 4.20391
377 4.20392
378 4.20391
379 4.20391
380 4.20391
381 4.20391
382 4.20391
383 4.20391
384 4.20391
385 4.20391
386 4.20391
387 4.20391
388 4.2039
389 4.20391
390 4.2039
391 4.2039
392 4.2039
393 4.2039
394 4.2039
395 4.2039
396 4.2039
397 4.2039
398 4.2039
399 4.2039
400 4.2039
401 4.2039
402 4.2039
403 4.20389
404 4.2039
405 4.20389
406 4.2039
407 4.20389
408 4.2039
409 4.20389
410 4.2039
411 4.20389
412 4.2039
413 4.20389
414 4.2039
415 4.20389
416 4.20389
417 4.20389
418 4.20389
419 4.20389
420 4.20389
421 4.20389
422 4.20389
423 4.20389
424 4.20389
425 4.20389
426 4.20389
427 4.20388
428 4.20389
429 4.20388
430 4.20388
431 4.20388
432 4.20388
433 4.20388
434 4.20388
435 4.20388
436 4.20388
437 4.20388
438 4.20388
439 4.20388
440 4.20388
441 4.20388
442 4.20388
443 4.20388
444 4.20387
445 4.20388
446 4.20387
447 4.20388
448 4.20387
449 4.20388
450 4.20387
451 4.20388
452 4.20387
453 4.20388
454 4.20387
455 4.20388
456 4.20387
457 4.20387
458 4.20387
459 4.20387
460 4.20387
461 4.20387
462 4.20387
463 4.20387
464 4.20387
465 4.20387
466 4.20387
467 4.20387
468 4.20387
469 4.20387
470 4.20387
471 4.20387
472 4.20387
473 4.20386
474 4.20387
475 4.20386
476 4.20387
477 4.20386
478 4.20387
479 4.20386
480 4.20387
481 4.20386
482 4.20386
483 4.20386
484 4.20386
485 4.20386
486 4.20386
487 4.20386
488 4.20386
489 4.20386
490 4.20386
491 4.20386
492 4.20386
493 4.20386
494 4.20386
495 4.20385
496 4.20386
497 4.20385
498 4.20386
499 4.20385
500 4.20386
501 4.20385
502 4.20386
503 4.20385
504 4.20385
505 4.20385
506 4.20385
507 4.20385
508 4.20385
509 4.20385
510 4.20385
511 4.20385
512 4.20385
513 4.20385
514 4.20385
515 4.20385
516 4.20385
517 4.20385
518 4.20385
519 4.20385
520 4.20385
521 4.20385
522 4.20384
523 4.20385
524 4.20384
525 4.20385
526 4.20384
527 4.20385
528 4.20384
529 4.20385
530 4.20384
531 4.20385
532 4.20384
533 4.20385
534 4.20384
535 4.20384
536 4.20384
537 4.20384
538 4.20384
539 4.20384
540 4.20384
541 4.20384
542 4.20384
543 4.20384
544 4.20384
545 4.20384
546 4.20384
547 4.20384
548 4.20384
549 4.20384
550 4.20384
551 4.20384
552 4.20384
553 4.20384
554 4.20384
555 4.20384
556 4.20384
557 4.20383
558 4.20384
559 4.20383
560 4.20384
561 4.20383
562 4.20384
563 4.20383
564 4.20384
565 4.20383
566 4.20384
567 4.20383
568 4.20383
569 4.20383
570 4.20383
571 4.20383
572 4.20383
573 4.20383
574 4.20383
575 4.20383
576 4.20383
577 4.20383
578 4.20383
579 4.20383
580 4.20383
581 4.20383
582 4.20383
583 4.20383
584 4.20383
585 4.20383
586 4.20383
587 4.20383
588 4.20383
589 4.20383
590 4.20383
591 4.20382
592 4.20383
593 4.20382
594 4.20382
595 4.20382
596 4.20382
597 4.20382
598 4.20382
599 4.20382
